06810
06516
06478
06070
06756
06782
06461
06249
06374
06387
06812
06001
06786
06708
06811
06410
06379
06339
06269
06606
06784
06019
06085
06851
06033
06752
06488
06518
06763
06790
06024
06512
06279
06373
06470
06854
06856
06438
06472
06473
06770
06405
06604
06804
06880
06840
06106
06479
06793
06460
06706
06492
06514
06517
06226
06231
06277
06897
06903
06614
06091
06020
06791
06057
06469
06457
06513
06032
06084
06255
06040
06787
06511
06704
06333
06608
06468
06089
06254
06820
06830
06114
06710
06105
06360
06384
06051
06095
06088
06096
06081
06160
06118
06389
06357
06234
06278
06260
06264
06610
06877
06906
06798
06751
06758
06475
06243
06481
06332
06525
06712
06524
06350
06248
06282
06262
06807
06801
06120
06103
06878
06905
06883
06111
06074
06783
06779
06426
06420
06418
06401
06359
06331
06247
06377
06013
06082
06607
06053
06052
06023
06060
06021
06058
06108
06061
06480
06498
06412
06414
06471
06519
06510
06371
06403
06334
06029
06071
06266
06320
06890
06896
06853
06107
06090
06073
06042
06442
06409
06416
06702
06263
06112
06489
06235
06907
06615
06117
06016
06092
06467
06067
06477
06450
06762
06437
06901
06850
06335
06376
06043
06110
06451
06605
06484
06010
06035
06447
06444
06002
06026
06059
06441
06455
06483
06515
06705
06340
06353
06232
06855
06066
06870
06119
06716
06037
06256
06027
06062
06109
06022
06422
06413
06417
06456
06380
06336
06365